down_0    0,   0, 32, 32
down_1   32,   0, 32, 32
down_2   64,   0, 32, 32
down_3   96,   0, 32, 32
down_4  128,   0, 32, 32
down_5  160,   0, 32, 32

dlft_0    0,  32, 32, 32
dlft_1   32,  32, 32, 32
dlft_2   64,  32, 32, 32
dlft_3   96,  32, 32, 32
dlft_4  128,  32, 32, 32
dlft_5  160,  32, 32, 32

left_0    0,  64, 32, 32
left_1   32,  64, 32, 32
left_2   64,  64, 32, 32
left_3   96,  64, 32, 32
left_4  128,  64, 32, 32
left_5  160,  64, 32, 32

ulft_0    0,  96, 32, 32
ulft_1   32,  96, 32, 32
ulft_2   64,  96, 32, 32
ulft_3   96,  96, 32, 32
ulft_4  128,  96, 32, 32
ulft_5  160,  96, 32, 32

up_0      0, 128, 32, 32
up_1     32, 128, 32, 32
up_2     64, 128, 32, 32
up_3     96, 128, 32, 32
up_4    128, 128, 32, 32
up_5    160, 128, 32, 32

urgt_0    0, 160, 32, 32
urgt_1   32, 160, 32, 32
urgt_2   64, 160, 32, 32
urgt_3   96, 160, 32, 32
urgt_4  128, 160, 32, 32
urgt_5  160, 160, 32, 32

right_0   0, 192, 32, 32
right_1  32, 192, 32, 32
right_2  64, 192, 32, 32
right_3  96, 192, 32, 32
right_4 128, 192, 32, 32
right_5 160, 192, 32, 32

drgt_0    0, 224, 32, 32
drgt_1   32, 224, 32, 32
drgt_2   64, 224, 32, 32
drgt_3   96, 224, 32, 32
drgt_4  128, 224, 32, 32
drgt_5  160, 224, 32, 32
